#N-INDEX,INDEX,seed,EQK,kmin,kmax,nodiv,betanormtype,betaact,helicity,betot,alphahel
0                   -10 1                     0                     0                     8 0 0                   100  -0.00476316961200163  0.000284239498050152   -0.0596744439530269 
0                   -10 1                     0                     0                     8 0 1                   100  -0.00905863218230935   0.00102805792689753    -0.113489311212485 
0                   -10 1                     0                     0                     8 1 0                   100  -0.00285824553278145  0.000287746861151376    -0.100672548194752 
0                   -10 1                     0                     0                     8 1 1                   100  -0.00540260267142003   0.00102805792689753    -0.190289382622194 
0                   -10 1                     0                     0                     9 0 0                   100  -0.00637352695136224  0.000292296893775455   -0.0458610901006673 
0                   -10 1                     0                     0                     9 0 1                   100   -0.0119529889931904   0.00102805792689753   -0.0860084391848109 
0                   -10 1                     0                     0                     9 1 0                   100  -0.00783374865793387  0.000303643527277772   -0.0387609483705157 
0                   -10 1                     0                     0                     9 1 1      99.9999999999998   -0.0144143947853831   0.00102805792689754   -0.0713216158017286 
0                   -10 1                     0                     0                    10 0 0                   100   0.00257407675140119  0.000293564191038012     0.114046401638262 
0                   -10 1                     0                     0                    10 0 1                   100   0.00481702328408075   0.00102805792689753     0.213421830509944 
0                   -10 1                     0                     0                    10 1 0                   100   0.00190780842305785  0.000305368657498035     0.160062537625548 
0                   -10 1                     0                     0                    10 1 1                   100   0.00350051001920573   0.00102805792689753     0.293688040101883 
0                   -10 1                     0                     0                    11 0 0                   100  -0.00735192929080922  0.000405479676804323    -0.055152825981504 
0                   -10 1                     0                     0                    11 0 1                   100   -0.0117064595457221   0.00102805792689753   -0.0878197137983718 
0                   -10 1                     0                     0                    11 1 0                   100  -0.00600474312044956  0.000293931629174292   -0.0489499089766702 
0                   -10 1                     0                     0                    11 1 1                   100    -0.011230007993501   0.00102805792689753   -0.0915456095394132 
0                   -10 1                     0                     0                    12 0 0                   100   0.00227029605544673  0.000296237493609871     0.130484080655102 
0                   -10 1                     0                     0                    12 0 1      99.9999999999999   0.00422932710138849   0.00102805792689753     0.243078367374333 
0                   -10 1                     0                     0                    12 1 0                   100  7.42128040853644e-05  0.000323230453621469      4.35545398944457 
0                   -10 1                     0                     0                    12 1 1                   100  0.000132352301775031   0.00102805792689753      7.76758630647012 
0                   -10 1                     0                     0                    13 0 0                   100  -0.00138160196533251  0.000446401665868107    -0.323104394079717 
0                   -10 1                     0                     0                    13 0 1      99.9999999999998   -0.0020966639696482   0.00102805792689754    -0.490330325593391 
0                   -10 1                     0                     0                    13 1 0                   100  -0.00849999289642999  0.000365644794044589   -0.0430170705434543 
0                   -10 1                     0                     0                    13 1 1                   100   -0.0142527168904051   0.00102805792689753   -0.0721306635641954 
0                   -10 1                     0                     0                    14 0 0                   100  0.000830356666825304  0.000286613511799155     0.345169158326821 
0                   -10 1                     0                     0                    14 0 1                   100   0.00157262487095526   0.00102805792689753     0.653721015026972 
0                   -10 1                     0                     0                    14 1 0                   100    -0.006996377938659  0.000287181971685138   -0.0410472353270529 
0                   -10 1                     0                     0                    14 1 1                   100   -0.0132374236515019   0.00102805792689753   -0.0776629919811393 
0                   -10 1                     0                     0                    15 0 0                   100  -0.00615142577114457  0.000318241399536888   -0.0517345752637887 
0                   -10 1                     0                     0                    15 0 1      99.9999999999998   -0.0110562090818511   0.00102805792689754   -0.0929846676457221 
0                   -10 1                     0                     0                    15 1 0                   100  -0.00616211891803465  0.000305644167732189   -0.0496004981075034 
0                   -10 1                     0                     0                    15 1 1      99.9999999999998   -0.0113013626618107   0.00102805792689754   -0.0909676078594951 
0                   -10 1                     0                     0                    16 0 0                   100  -0.00757231849176969  0.000326625502147642   -0.0431341474216449 
0                   -10 1                     0                     0                    16 0 1                   100     -0.01343422506918   0.00102805792689753   -0.0765252868404032 
0                   -10 1                     0                     0                    16 1 0                   100  -0.00368336052419894  0.000341404949219273   -0.0926884422462344 
0                   -10 1                     0                     0                    16 1 1      99.9999999999999  -0.00639172550893179   0.00102805792689754    -0.160842001969723 
0                   -10 1                     0                     0                    17 0 0                   100   -0.0195183602945323  0.000313434936984255     -0.01605846660552 
0                   -10 1                     0                     0                    17 0 1      99.9999999999998   -0.0353491049522406   0.00102805792689754   -0.0290829973852668 
0                   -10 1                     0                     0                    17 1 0                   100   -0.0109885637559934  0.000306291364257326   -0.0278736485548685 
0                   -10 1                     0                     0                    17 1 1                   100   -0.0201317880402014   0.00102805792689753   -0.0510663993106122 
0                   -10 1                     0                     0                    18 0 0                   100   -0.0176671727663662  0.000307292626032772   -0.0173934239561963 
0                   -10 1                     0                     0                    18 0 1                   100   -0.0323146740485242   0.00102805792689753   -0.0318139655487098 
0                   -10 1                     0                     0                    18 1 0                   100   -0.0120944013493553  0.000312240915891424   -0.0258169798464698 
0                   -10 1                     0                     0                    18 1 1                   100   -0.0219456406426797   0.00102805792689753   -0.0468456557562587 
0                   -10 1                     0                     0                    19 0 0                   100   -0.0066538107290107  0.000313040017383149   -0.0470467270760034 
0                   -10 1                     0                     0                    19 0 1                   100   -0.0120581118082016   0.00102805792689753   -0.0852586162120574 
0                   -10 1                     0                     0                    19 1 0                   100  -0.00157307475068911  0.000370978930513738    -0.235830452654094 
0                   -10 1                     0                     0                    19 1 1                   100  -0.00261868663007933   0.00102805792689753    -0.392585319331008 
0                   -10 1                     0                     0                    20 0 0                   100  -0.00346560312072382  0.000417720050712148    -0.120533147091841 
0                   -10 1                     0                     0                    20 0 1      99.9999999999996  -0.00543682004053061   0.00102805792689754    -0.189091770416076 
0                   -10 1                     0                     0                    20 1 0                   100   0.00126449783471601  0.000437311357007634     0.345837964290266 
0                   -10 1                     0                     0                    20 1 1                   100   0.00193879327651327   0.00102805792689753     0.530256597932088 
0                   -10 1                     0                     0                    21 0 0                   100   -0.0026453070829529  0.000345015786420046     -0.13042560867259 
0                   -10 1                     0                     0                    21 0 1                   100  -0.00456631013230075   0.00102805792689753    -0.225139751158238 
0                   -10 1                     0                     0                    21 1 0                   100   0.00028181549835237  0.000574138494826334      2.03728502578114 
0                   -10 1                     0                     0                    21 1 1                   100  0.000377107641806758   0.00102805792689753      2.72616572279473 
0                   -10 1                     0                     0                    22 0 0                   100  -0.00316930921531675  0.000339542816153561     -0.10713464451894 
0                   -10 1                     0                     0                    22 0 1      99.9999999999998  -0.00551475385932766   0.00102805792689754    -0.186419548926681 
0                   -10 1                     0                     0                    22 1 0                   100 -0.000653235775870162  0.000578249619343357    -0.885208129596213 
0                   -10 1                     0                     0                    22 1 1                   100 -0.000871005860343826   0.00102805792689753     -1.18031114795452 
0                   -10 1                     0                     0                    23 0 0                   100   0.00170148788819194   0.00031768130153831       0.1867079417626 
0                   -10 1                     0                     0                    23 0 1      99.9999999999999   0.00306084845829517   0.00102805792689754     0.335873513800204 
0                   -10 1                     0                     0                    23 1 0                   100  -0.00263444983979212  0.000367137938628339    -0.139360382985052 
0                   -10 1                     0                     0                    23 1 1      99.9999999999998  -0.00440843147465396   0.00102805792689754    -0.233202655594921 
0                   -10 1                     0                     0                    24 0 0                   100   -0.0259092641732143   0.00031602160979866   -0.0121972437227828 
0                   -10 1                     0                     0                    24 0 1      99.9999999999998     -0.04673104379882   0.00102805792689754    -0.021999464238877 
0                   -10 1                     0                     0                    24 1 0                   100   -0.0154477865083013  0.000310984135369145   -0.0201313071747871 
0                   -10 1                     0                     0                    24 1 1      99.9999999999999   -0.0280870375338656   0.00102805792689753   -0.0366025760338009 
0                   -10 1                     0                     0                    25 0 0                   100  -0.00280244955107667  0.000299933928547347    -0.107025629928687 
0                   -10 1                     0                     0                    25 0 1      99.9999999999998  -0.00518840415373257   0.00102805792689754    -0.198145305653944 
0                   -10 1                     0                     0                    25 1 0                   100  0.000367343199157669  0.000302392776772324     0.823188716888516 
0                   -10 1                     0                     0                    25 1 1      99.9999999999999  0.000677321857065094   0.00102805792689753      1.51782777445307 
0                   -10 1                     0                     0                    26 0 0                   100  -0.00499162967250948  0.000270088988030966   -0.0541083785759255 
0                   -10 1                     0                     0                    26 0 1                   100  -0.00973862654494673   0.00102805792689753     -0.10556498107333 
0                   -10 1                     0                     0                    26 1 0                   100  -0.00697725224188099  0.000289288252903275   -0.0414616302914807 
0                   -10 1                     0                     0                    26 1 1                   100   -0.0131530907820339   0.00102805792689753   -0.0781609390472527 
0                   -10 1                     0                     0                    27 0 0                   100  0.000353144629125875  0.000321464354319127     0.910290934099253 
0                   -10 1                     0                     0                    27 0 1                   100  0.000631531455796828   0.00102805792689753      1.62788079273168 
0                   -10 1                     0                     0                    27 1 0                   100  -0.00128299686020636  0.000426885744616448    -0.332725478804201 
0                   -10 1                     0                     0                    27 1 1      99.9999999999998  -0.00199103346876984   0.00102805792689754    -0.516343870167446 
0                   -10 1                     0                     0                    28 0 0                   100  -0.00761285643555584  0.000294726771084827   -0.0387143477063755 
0                   -10 1                     0                     0                    28 0 1      99.9999999999999    -0.014218266161922   0.00102805792689753   -0.0723054355003413 
0                   -10 1                     0                     0                    28 1 0                   100  -0.00751802990589075  0.000300510757355007   -0.0399720087731417 
0                   -10 1                     0                     0                    28 1 1                   100   -0.0139053790049574   0.00102805792689753    -0.073932391668794 
0                   -10 1                     0                     0                    29 0 0                   100  0.000175709966733168  0.000303879932195583      1.72944049700409 
0                   -10 1                     0                     0                    29 0 1      99.9999999999999  0.000323187220218993   0.00102805792689754      3.18099807969176 
0                   -10 1                     0                     0                    29 1 0                   100   0.00202211026416354  0.000309671199315884     0.153142588118943 
0                   -10 1                     0                     0                    29 1 1      99.9999999999999   0.00368436984098203   0.00102805792689754     0.279032228377897 
0                   -10 1                     0                     0                    30 0 0                   100  -0.00662651204162767  0.000284852923734789   -0.0429868567272415 
0                   -10 1                     0                     0                    30 0 1                   100   -0.0125887741997182   0.00102805792689753    -0.081664656986265 
0                   -10 1                     0                     0                    30 1 0                   100  -0.00345869946445373  0.000302103389566022   -0.0873459497336629 
0                   -10 1                     0                     0                    30 1 1                   100  -0.00638033997585081   0.00102805792689753    -0.161129019893715 
0                   -10 1                     0                     0                    31 0 0                   100  -0.00126152113269713  0.000293661707668167    -0.232783819515031 
0                   -10 1                     0                     0                    31 0 1                   100  -0.00236036770110357   0.00102805792689753    -0.435549904541091 
0                   -10 1                     0                     0                    31 1 0                   100  -0.00127071785967976  0.000320990984713541    -0.252606022862098 
0                   -10 1                     0                     0                    31 1 1                   100  -0.00227411021709204   0.00102805792689753    -0.452070405018512 
0                   -10 1                     0                     0                    32 0 0                   100   -0.0101920780214501   0.00045932583107243    -0.045066946122836 
0                   -10 1                     0                     0                    32 0 1                   100   -0.0152479373142306   0.00102805792689753   -0.0674227540231337 
0                   -10 1                     0                     0                    32 1 0                   100   0.00200046182366976  0.000455469061833137     0.227681956458234 
0                   -10 1                     0                     0                    32 1 1                   100   0.00300545077778495   0.00102805792689753     0.342064469828124 
0                   -10 1                     0                     0                    33 0 0                   100  -0.00619840731218687  0.000277244151384212   -0.0447282886426508 
0                   -10 1                     0                     0                    33 0 1                   100   -0.0119359697038143   0.00102805792689753   -0.0861310771062872 
0                   -10 1                     0                     0                    33 1 0                   100  -0.00311859350928159   0.00031352037380327    -0.100532619230486 
0                   -10 1                     0                     0                    33 1 1      99.9999999999999  -0.00564721964362199   0.00102805792689753    -0.182046740126113 
0                   -10 1                     0                     0                    34 0 0                   100  -0.00455419064016176  0.000276016464200263   -0.0606071387890911 
0                   -10 1                     0                     0                    34 0 1      99.9999999999999  -0.00878926391718662   0.00102805792689753    -0.116967465829221 
0                   -10 1                     0                     0                    34 1 0                   100  -0.00449446289092855  0.000273408536812557   -0.0608323048710433 
0                   -10 1                     0                     0                    34 1 1      99.9999999999999  -0.00871526419081576   0.00102805792689753    -0.117960615351272 
0                   -10 1                     0                     0                    35 0 0                   100   0.00248132609723757  0.000282048891972049     0.113668611427595 
0                   -10 1                     0                     0                    35 0 1                   100   0.00473729508108575   0.00102805792689753     0.217013698598212 
0                   -10 1                     0                     0                    35 1 0                   100   0.00220816236959627  0.000477922217378321     0.216434363685721 
0                   -10 1                     0                     0                    35 1 1                   100    0.0032386289037706   0.00102805792689753     0.317436161241138 
0                   -10 1                     0                     0                    36 0 0                   100  -0.00184882390670817  0.000259564909015426    -0.140394608742149 
0                   -10 1                     0                     0                    36 0 1                   100  -0.00367943683461288   0.00102805792689753    -0.279406325779662 
0                   -10 1                     0                     0                    36 1 0                   100  0.000894335364359437  0.000394547288612217     0.441162570927529 
0                   -10 1                     0                     0                    36 1 1      99.9999999999999   0.00144364252234767   0.00102805792689753     0.712127767770165 
0                   -10 1                     0                     0                    37 0 0                   100   -0.0015542052394387  0.000399428522826846    -0.256998569230856 
0                   -10 1                     0                     0                    37 0 1                   100  -0.00249343255023197   0.00102805792689753    -0.412306291101355 
0                   -10 1                     0                     0                    37 1 0                   100 -0.000407278578614914  0.000345056410514185    -0.847224550055306 
0                   -10 1                     0                     0                    37 1 1      99.9999999999999 -0.000702999977789028   0.00102805792689753     -1.46238685544604 
0                   -10 1                     0                     0                    38 0 0                   100  0.000460838386492599  0.000332812172182003     0.722188476344185 
0                   -10 1                     0                     0                    38 0 1                   100  0.000809949309654811   0.00102805792689753      1.26928674997658 
0                   -10 1                     0                     0                    38 1 0                   100  -0.00035017191342268  0.000398348311641109     -1.13757927569787 
0                   -10 1                     0                     0                    38 1 1      99.9999999999999 -0.000562546739548657   0.00102805792689754     -1.82750668455099 
0                   -10 1                     0                     0                    39 0 0                   100   -0.0132265851123513  0.000295605297350361   -0.0223493286316449 
0                   -10 1                     0                     0                    39 0 1      99.9999999999998   -0.0246660960167226   0.00102805792689754   -0.0416789882841838 
0                   -10 1                     0                     0                    39 1 0                   100   -0.0143833855369081  0.000296551023927227   -0.0206176093358737 
0                   -10 1                     0                     0                    39 1 1                   100   -0.0267805936998242   0.00102805792689753   -0.0383881678808444 
